7.5
20 30 4.0  0.03  0.04  0.02 
1 89 0 1
1 91 0 1
2 87 0 1
3 129 0 2
2 280 1 5
3 172 1 3
3 187 1 3
2 292 1 5
3 125 0 1
1 289 1 5
1 291 1 5
1 286 1 5
2 119 0 1
3 120 0 1
2 128 0 2
2 100 0 1
2 270 1 5
2 151 0 2
2 66 0 0
2 47 0 0
3 204 1 3
2 91 0 1
3 74 0 0
3 47 0 0
3 267 1 5
1 102 0 1
3 172 1 3
2 186 1 3
3 53 0 0
3 224 1 4
1 146 0 2
3 154 0 2
2 239 1 4
2 136 0 2
1 83 0 0
2 150 0 2
1 76 0 0
1 102 0 1
1 177 1 3
1 266 1 5
2 102 0 1
2 65 0 0
2 214 1 4
2 89 0 1
1 180 1 3
2 181 1 3
1 166 0 2
3 120 0 1
2 153 0 2
1 95 0 1
3 82 0 0
3 183 1 3
3 89 0 1
1 88 0 1
2 59 0 0
2 147 0 2
3 212 1 3
3 63 0 0
3 156 0 2
2 254 1 4
3 84 0 1
1 225 1 4
3 248 1 4
1 158 0 2
1 104 0 1
3 110 0 1
3 258 1 5
3 179 1 3
3 200 1 3
2 156 0 2
2 262 1 5
1 166 0 2
2 200 1 3
3 294 1 5
3 240 1 4
2 235 1 4
1 126 0 1
3 291 1 5
3 73 0 0
3 241 1 4
1 218 1 4
3 144 0 2
3 124 0 1
3 101 0 1
2 185 1 3
3 51 0 0
3 249 1 4
3 240 1 4
1 197 1 3
3 178 1 3
2 248 1 4
2 137 0 2
3 99 0 1
3 73 0 0
3 271 1 5
1 79 0 0
1 83 0 0
3 206 1 3
1 169 0 2
2 106 0 1
3 180 1 3
1 52 0 0
3 61 0 0
3 252 1 4
2 173 1 3
2 123 0 1
2 71 0 0
1 239 1 4
2 110 0 1
1 188 1 3
3 115 0 1
1 297 1 5
1 220 1 4
1 252 1 4
1 77 0 0
3 122 0 1
3 193 1 3
2 220 1 4
2 80 0 0
1 88 0 1
1 221 1 4
1 46 0 0
2 212 1 3
2 40 0 0
2 260 1 5
3 79 0 0
3 81 0 0
2 150 0 2
3 202 1 3
1 208 1 3
3 181 1 3
3 159 0 2
2 85 0 1
2 94 0 1
3 113 0 1
1 220 1 4
1 122 0 1
2 268 1 5
3 236 1 4
2 176 1 3
2 75 0 0
3 97 0 1
1 280 1 5
3 260 1 5
3 278 1 5
3 49 0 0
1 105 0 1
2 85 0 1
1 253 1 4
1 119 0 1
1 104 0 1
2 261 1 5
3 75 0 0
1 270 1 5
2 213 1 3
3 296 1 5
1 146 0 2
1 274 1 5
1 110 0 1
1 169 0 2
1 149 0 2
1 267 1 5
1 221 1 4
3 112 0 1
3 196 1 3
3 81 0 0
1 69 0 0
3 290 1 5
3 282 1 5
1 95 0 1
2 112 0 1
3 44 0 0
2 183 1 3
1 280 1 5
2 140 0 2
3 193 1 3
3 79 0 0
1 127 0 2
1 240 1 4
1 45 0 0
2 136 0 2
3 286 1 5
2 213 1 3
2 292 1 5
1 72 0 0
3 214 1 4
3 238 1 4
2 110 0 1
3 61 0 0
1 185 1 3
1 92 0 1
2 57 0 0
2 180 1 3
2 69 0 0
2 95 0 1
2 46 0 0
2 60 0 0
3 276 1 5
3 245 1 4
3 124 0 1
2 55 0 0
2 146 0 2
2 169 0 2
1 49 0 0
2 300 1 5
3 45 0 0
3 252 1 4
2 137 0 2
1 237 1 4
2 114 0 1
3 171 1 3
3 171 1 3
2 256 1 4
1 294 1 5
2 299 1 5
2 188 1 3
1 69 0 0
2 90 0 1
1 223 1 4
1 61 0 0
1 193 1 3
3 108 0 1
3 161 0 2
3 264 1 5
3 110 0 1
3 210 1 3
1 170 1 3
2 45 0 0
3 129 0 2
1 95 0 1
1 128 0 2
2 293 1 5
1 194 1 3
2 176 1 3
2 46 0 0
1 149 0 2
3 83 0 0
3 104 0 1
3 203 1 3
1 231 1 4
1 110 0 1
3 112 0 1
3 43 0 0
3 70 0 0
3 225 1 4
3 103 0 1
3 295 1 5
1 168 0 2
1 286 1 5
2 280 1 5
1 282 1 5
2 123 0 1
3 213 1 3
3 294 1 5
2 197 1 3
3 156 0 2
3 219 1 4
3 275 1 5
1 214 1 4
1 158 0 2
3 75 0 0
3 147 0 2
2 300 1 5
3 131 0 2
3 192 1 3
2 42 0 0
1 80 0 0
2 230 1 4
3 169 0 2
1 266 1 5
1 78 0 0
3 256 1 4
1 86 0 1
1 268 1 5
2 294 1 5
2 273 1 5
1 163 0 2
3 282 1 5
1 141 0 2
2 294 1 5
1 92 0 1
3 120 0 1
1 61 0 0
2 88 0 1
1 230 1 4
3 48 0 0
2 213 1 3
1 60 0 0
3 92 0 1
2 292 1 5
2 274 1 5
1 69 0 0
3 281 1 5
3 229 1 4
2 253 1 4
2 78 0 0
3 165 0 2
2 198 1 3
1 157 0 2
3 294 1 5
2 249 1 4
2 113 0 1
2 254 1 4
2 136 0 2
1 91 0 1
3 289 1 5
1 141 0 2
1 280 1 5
2 45 0 0
3 68 0 0
3 226 1 4
2 152 0 2
2 257 1 5
2 192 1 3
3 99 0 1
3 203 1 3
1 192 1 3
3 79 0 0
2 277 1 5
2 173 1 3
1 174 1 3
3 133 0 2
3 102 0 1
2 60 0 0
2 136 0 2
3 43 0 0
3 277 1 5
2 294 1 5
3 241 1 4
3 126 0 1
2 222 1 4
1 259 1 5
3 63 0 0
3 201 1 3
3 293 1 5
1 203 1 3
1 211 1 3
2 169 0 2
3 108 0 1
2 209 1 3
3 184 1 3
2 195 1 3
3 156 0 2
2 229 1 4
2 86 0 1
3 144 0 2
1 225 1 4
1 76 0 0
2 293 1 5
3 104 0 1
1 117 0 1
1 182 1 3
1 290 1 5
1 221 1 4
2 163 0 2
2 284 1 5
3 251 1 4
2 295 1 5
1 69 0 0
3 171 1 3
3 101 0 1
3 51 0 0
2 289 1 5
2 234 1 4
2 188 1 3
1 224 1 4
3 62 0 0
3 60 0 0
2 61 0 0
3 202 1 3
1 119 0 1
1 43 0 0
2 154 0 2
2 235 1 4
2 199 1 3
3 261 1 5
2 200 1 3
2 99 0 1
3 98 0 1
3 167 0 2
1 231 1 4
2 193 1 3
3 191 1 3
1 181 1 3
2 237 1 4
1 171 1 3
2 279 1 5
1 169 0 2
3 107 0 1
2 59 0 0
3 215 1 4
3 137 0 2
3 115 0 1
3 281 1 5
3 158 0 2
2 175 1 3
2 221 1 4
3 126 0 1
1 259 1 5
1 152 0 2
3 180 1 3
3 72 0 0
1 152 0 2
1 272 1 5
2 277 1 5
3 247 1 4
1 229 1 4
1 252 1 4
1 150 0 2
2 75 0 0
1 152 0 2
2 214 1 4
1 139 0 2
3 193 1 3
1 113 0 1
2 47 0 0
1 234 1 4
2 249 1 4
1 242 1 4
2 44 0 0
2 293 1 5
1 198 1 3
1 197 1 3
1 90 0 1
3 76 0 0
2 165 0 2
1 91 0 1
3 247 1 4
1 182 1 3
1 183 1 3
1 59 0 0
1 246 1 4
3 183 1 3
3 63 0 0
3 108 0 1
3 280 1 5
3 239 1 4
1 218 1 4
3 72 0 0
2 195 1 3
1 287 1 5
1 137 0 2
3 232 1 4
1 91 0 1
3 228 1 4
1 75 0 0
1 283 1 5
1 295 1 5
1 262 1 5
3 173 1 3
1 85 0 1
2 55 0 0
2 294 1 5
3 241 1 4
2 212 1 3
3 259 1 5
2 219 1 4
2 105 0 1
1 192 1 3
3 169 0 2
1 45 0 0
3 114 0 1
3 118 0 1
2 93 0 1
2 272 1 5
2 198 1 3
3 41 0 0
1 277 1 5
3 156 0 2
3 241 1 4
3 284 1 5
3 179 1 3
1 50 0 0
3 119 0 1
1 178 1 3
1 182 1 3
2 147 0 2
3 169 0 2
1 248 1 4
1 41 0 0
2 272 1 5
1 263 1 5
2 229 1 4
1 256 1 4
2 144 0 2
3 135 0 2
2 65 0 0
3 183 1 3
2 82 0 0
2 132 0 2
2 299 1 5
3 211 1 3
3 186 1 3
3 208 1 3
1 169 0 2
3 252 1 4
1 253 1 4
3 186 1 3
2 157 0 2
1 233 1 4
1 209 1 3
3 165 0 2
2 44 0 0
3 234 1 4
1 171 1 3
1 96 0 1
1 169 0 2
3 96 0 1
3 67 0 0
1 297 1 5
3 297 1 5
2 204 1 3
3 133 0 2
1 258 1 5
1 93 0 1
2 200 1 3
1 50 0 0
3 52 0 0
2 136 0 2
3 200 1 3
3 239 1 4
1 81 0 0
1 151 0 2
3 84 0 1
2 139 0 2
2 47 0 0
2 176 1 3
2 289 1 5
1 177 1 3
3 115 0 1
1 153 0 2
2 177 1 3
2 299 1 5
1 239 1 4
2 290 1 5
1 285 1 5
3 90 0 1
2 230 1 4
1 156 0 2
3 99 0 1
2 131 0 2
3 105 0 1
2 109 0 1
1 63 0 0
3 151 0 2
2 289 1 5
2 165 0 2
3 259 1 5
3 244 1 4
2 133 0 2
1 242 1 4
2 274 1 5
3 46 0 0
1 67 0 0
2 43 0 0
2 63 0 0
2 144 0 2
2 142 0 2
2 209 1 3
3 289 1 5
2 294 1 5
3 81 0 0
2 151 0 2
1 41 0 0
1 236 1 4
2 271 1 5
1 243 1 4
2 194 1 3
3 295 1 5
3 152 0 2
3 254 1 4
3 249 1 4
3 98 0 1
2 171 1 3
2 144 0 2
2 262 1 5
2 125 0 1
2 157 0 2
1 211 1 3
1 139 0 2
3 232 1 4
1 44 0 0
1 90 0 1
1 263 1 5
1 235 1 4
1 297 1 5
2 147 0 2
1 143 0 2
2 240 1 4
3 165 0 2
3 195 1 3
3 236 1 4
1 242 1 4
2 193 1 3
3 137 0 2
1 271 1 5
1 196 1 3
2 265 1 5
1 104 0 1
2 60 0 0
3 161 0 2
1 293 1 5
2 73 0 0
2 151 0 2
3 224 1 4
2 45 0 0
1 41 0 0
2 97 0 1
3 265 1 5
3 63 0 0
1 164 0 2
3 193 1 3
3 139 0 2
1 102 0 1
3 245 1 4
3 285 1 5
1 203 1 3
2 75 0 0
2 92 0 1
2 123 0 1
3 197 1 3
2 84 0 1
2 195 1 3
1 256 1 4
1 152 0 2
2 294 1 5
3 69 0 0
3 179 1 3
1 294 1 5
3 126 0 1
1 300 1 5
1 81 0 0
2 240 1 4
2 137 0 2
3 255 1 4
1 139 0 2
2 215 1 4
3 283 1 5
2 65 0 0
3 111 0 1
3 82 0 0
1 76 0 0
3 45 0 0
3 198 1 3
1 72 0 0
1 184 1 3
2 240 1 4
2 79 0 0
2 131 0 2
2 122 0 1
2 140 0 2
2 277 1 5
2 53 0 0
1 67 0 0
1 88 0 1
3 61 0 0
1 231 1 4
2 69 0 0
1 131 0 2
2 144 0 2
3 91 0 1
1 116 0 1
3 147 0 2
2 124 0 1
3 87 0 1
2 55 0 0
3 181 1 3
3 187 1 3
3 79 0 0
1 45 0 0
2 298 1 5
2 114 0 1
3 101 0 1
2 178 1 3
3 77 0 0
2 129 0 2
3 120 0 1
2 204 1 3
3 102 0 1
2 231 1 4
2 84 0 1
3 272 1 5
2 279 1 5
2 237 1 4
1 192 1 3
2 125 0 1
3 282 1 5
3 47 0 0
3 172 1 3
1 112 0 1
2 246 1 4
2 134 0 2
3 168 0 2
3 162 0 2
2 260 1 5
2 122 0 1
2 203 1 3
1 189 1 3
2 232 1 4
1 171 1 3
3 84 0 1
3 108 0 1
2 211 1 3
2 264 1 5
2 109 0 1
3 248 1 4
3 235 1 4
1 182 1 3
1 150 0 2
2 200 1 3
2 286 1 5
3 246 1 4
3 175 1 3
2 93 0 1
2 92 0 1
1 144 0 2
1 200 1 3
1 55 0 0
2 46 0 0
3 60 0 0
2 148 0 2
2 55 0 0
2 161 0 2
1 244 1 4
2 45 0 0
1 226 1 4
2 114 0 1
2 148 0 2
3 98 0 1
2 65 0 0
3 196 1 3
2 215 1 4
2 138 0 2
3 216 1 4
2 132 0 2
3 251 1 4
2 228 1 4
3 259 1 5
2 235 1 4
1 175 1 3
3 43 0 0
2 64 0 0
2 295 1 5
2 62 0 0
2 107 0 1
1 223 1 4
1 157 0 2
3 198 1 3
3 165 0 2
1 165 0 2
3 48 0 0
3 53 0 0
3 239 1 4
1 113 0 1
1 173 1 3
2 86 0 1
1 91 0 1
3 92 0 1
3 203 1 3
2 210 1 3
1 293 1 5
1 64 0 0
3 121 0 1
3 113 0 1
2 207 1 3
2 153 0 2
2 204 1 3
3 211 1 3
2 86 0 1
3 297 1 5
1 45 0 0
2 269 1 5
3 230 1 4
1 49 0 0
2 226 1 4
3 283 1 5
1 141 0 2
1 58 0 0
2 203 1 3
3 86 0 1
2 85 0 1
3 141 0 2
2 144 0 2
1 122 0 1
1 52 0 0
1 235 1 4
2 152 0 2
3 291 1 5
1 207 1 3
3 79 0 0
2 113 0 1
1 272 1 5
2 164 0 2
3 225 1 4
3 260 1 5
3 300 1 5
3 57 0 0
1 254 1 4
1 129 0 2
1 94 0 1
3 240 1 4
1 125 0 1
2 80 0 0
1 203 1 3
2 156 0 2
1 124 0 1
3 180 1 3
1 251 1 4
2 247 1 4
2 152 0 2
1 248 1 4
1 43 0 0
2 92 0 1
1 56 0 0
2 180 1 3
3 124 0 1
2 285 1 5
2 255 1 4
1 80 0 0
3 54 0 0
1 240 1 4
1 135 0 2
2 123 0 1
2 106 0 1
2 88 0 1
1 40 0 0
3 184 1 3
1 269 1 5
3 236 1 4
3 104 0 1
2 260 1 5
3 61 0 0
2 222 1 4
3 106 0 1
2 283 1 5
2 180 1 3
3 181 1 3
3 177 1 3
1 272 1 5
1 186 1 3
1 116 0 1
1 168 0 2
2 270 1 5
2 40 0 0
3 156 0 2
3 173 1 3
2 53 0 0
3 212 1 3
1 262 1 5
2 257 1 5
3 46 0 0
1 101 0 1
1 167 0 2
3 133 0 2
2 282 1 5
1 242 1 4
3 160 0 2
3 50 0 0
2 173 1 3
1 181 1 3
3 178 1 3
1 203 1 3
1 266 1 5
3 106 0 1
2 92 0 1
1 183 1 3
1 161 0 2
2 134 0 2
1 281 1 5
1 284 1 5
1 107 0 1
2 74 0 0
3 52 0 0
2 252 1 4
3 179 1 3
3 256 1 4
3 129 0 2
3 180 1 3
2 149 0 2
3 294 1 5
3 192 1 3
1 64 0 0
1 270 1 5
1 122 0 1
2 293 1 5
3 115 0 1
2 169 0 2
2 83 0 1
3 251 1 4
2 57 0 0
1 126 0 1
3 136 0 2
3 43 0 0
2 43 0 0
2 56 0 0
1 139 0 2
3 183 1 3
1 204 1 3
1 121 0 1
1 78 0 0
3 290 1 5
1 209 1 3
3 221 1 4
3 53 0 0
2 121 0 1
3 230 1 4
3 211 1 3
2 140 0 2
3 188 1 3
3 81 0 0
2 150 0 2
1 43 0 0
2 98 0 1
1 124 0 1
3 248 1 4
2 143 0 2
3 187 1 3
3 255 1 4
2 269 1 5
2 286 1 5
3 42 0 0
1 172 1 3
2 287 1 5
2 298 1 5
1 263 1 5
1 285 1 5
1 111 0 1
3 96 0 1
2 53 0 0
3 272 1 5
2 101 0 1
1 275 1 5
1 214 1 4
3 288 1 5
3 153 0 2
1 255 1 4
1 109 0 1
2 60 0 0
2 218 1 4
1 124 0 1
3 110 0 1
1 57 0 0
2 237 1 4
2 208 1 3
1 239 1 4
3 237 1 4
3 133 0 2
1 215 1 4
1 295 1 5
3 45 0 0
3 43 0 0
3 152 0 2
1 147 0 2
1 211 1 3
2 52 0 0
1 285 1 5
1 104 0 1
3 195 1 3
1 161 0 2
3 260 1 5
1 218 1 4
1 292 1 5
3 162 0 2
3 286 1 5
1 212 1 3
1 137 0 2
1 187 1 3
2 183 1 3
1 274 1 5
3 169 0 2
1 290 1 5
3 287 1 5
3 123 0 1
3 85 0 1
3 187 1 3
1 53 0 0
1 64 0 0
2 170 0 2
1 264 1 5
1 131 0 2
1 203 1 3
3 136 0 2
3 251 1 4
1 60 0 0
3 165 0 2
3 244 1 4
1 211 1 3
2 200 1 3
3 181 1 3
3 258 1 5
1 229 1 4
3 180 1 3
2 92 0 1
3 49 0 0
2 117 0 1
3 182 1 3
3 230 1 4
1 289 1 5
1 178 1 3
3 56 0 0
-1
